5774,885,0,0
5780,936,0,0
5785,885,0,0
5790,840,0,0
5795,877,0,0
5800,935,0,0
5805,876,0,0
5810,822,0,0
5815,841,0,0
5820,897,0,0
6444,574,0,0
6449,587,0,0
6454,652,0,0
6459,752,0,0
6464,759,0,0
6469,707,0,0
6474,716,0,0
6479,774,0,0
6484,763,0,0
6489,704,0,0
6495,706,0,0
6500,771,0,0
6505,748,0,0
6510,696,0,0
6515,712,0,0
6520,768,0,0
6525,738,0,0
6530,696,0,0
6535,706,0,0
6540,765,0,0
6546,728,0,0
6551,699,0,0
6556,737,0,0
6561,785,0,0
6566,736,0,0
6571,716,0,0
6576,746,0,0
6581,811,0,0
6586,767,0,0
6591,714,0,0
6597,751,0,0
6602,807,0,0
6607,749,0,0
6612,727,0,0
6617,763,0,0
6622,799,0,0
6627,745,0,0
6632,742,0,0
6637,783,0,0
6642,825,0,0
6648,752,0,0
6653,757,0,0
6658,812,0,0
6663,829,0,0
6668,774,0,0
6673,760,0,0
6678,806,0,0
6683,844,0,0
6688,792,0,0
6693,801,0,0
6699,901,0,0
6704,922,0,0
6709,887,0,0
6714,901,0,0
6719,952,0,0
6724,942,0,0
6729,862,0,0
6734,840,0,0
6739,865,0,0
6745,850,0,0
6750,793,0,0
6755,795,0,0
6760,842,0,0
6765,798,0,0
6770,757,0,0
6775,778,0,0
6780,835,0,0
6785,814,0,0
6790,769,0,0
6796,795,0,0
6801,855,0,0
6806,813,0,0
6811,777,0,0
6816,802,0,0
6821,878,0,0
6826,838,0,0
6831,794,0,0
6836,801,0,0
6841,852,0,0
6846,800,0,0
6852,751,0,0
6857,783,0,0
6862,826,0,0
6867,748,0,0
6873,737,0,0
6878,802,0,0
6883,817,0,0
6888,741,0,0
6893,724,0,0
6899,790,0,0
6904,811,0,0
6909,766,0,0
6914,762,0,0
6919,820,0,0
6924,819,0,0
6929,772,0,0
6934,792,0,0
6939,861,0,0
6944,853,0,0
6950,808,0,0
6956,840,0,0
6961,899,0,0
6966,865,0,0
6971,826,0,0
6976,823,0,0
6980,868,0,0
6985,848,0,0
6990,791,0,0
6995,795,0,0
7001,854,0,0
7007,797,0,0
7012,766,0,0
7017,813,0,0
7022,878,0,0
7027,847,0,0
7032,811,0,0
7037,832,0,0
7042,893,0,0
7047,844,0,0
7053,825,0,0
7058,873,0,0
7063,908,0,0
7068,863,0,0
7073,849,0,0
7078,889,0,0
7083,928,0,0
7088,866,0,0
7093,847,0,0
7099,880,0,0
7104,904,0,0
7109,850,0,0
7114,843,0,0
7119,887,0,0
7124,896,0,0
7129,842,0,0
7134,828,0,0
7139,879,0,0
7144,900,0,0
7150,832,0,0
7155,836,0,0
7160,891,0,0
7165,871,0,0
7170,811,0,0
7175,827,0,0
7180,897,0,0
7185,886,0,0
7190,813,0,0
7195,817,0,0
7201,895,0,0
7206,884,0,0
7211,861,0,0
7216,887,0,0
7221,958,0,0
7226,917,0,0
7231,858,0,0
7236,856,0,0
7241,897,0,0
7246,849,0,0
7252,792,0,0
7257,796,0,0
7262,835,0,0
7267,795,0,0
7272,774,0,0
7277,793,0,0
7282,834,0,0
7287,771,0,0
7292,732,0,0
7297,775,0,0
7303,818,0,0
7308,756,0,0
7313,793,0,0
7318,895,0,0
7323,1001,0,0
7328,1078,0,0
7333,1124,0,0
7338,990,0,0
7343,737,0,0
7349,456,0,0
7354,458,0,0
7359,581,0,0
7364,642,0,0
7370,609,0,0
7376,647,0,0
7380,727,0,0
7385,706,0,0
7390,669,0,0
7395,676,0,0
7401,748,0,0
7407,699,0,0
7412,662,0,0
7417,692,0,0
7422,760,0,0
7427,709,0,0
7432,687,0,0
7437,712,0,0
7442,787,0,0
7447,747,0,0
7452,714,0,0
7458,751,0,0
7463,794,0,0
7468,738,0,0
7473,719,0,0
7478,754,0,0
7483,780,0,0
7488,717,0,0
7493,704,0,0
7498,744,0,0
7504,757,0,0
7509,684,0,0
7514,682,0,0
7519,718,0,0
7524,745,0,0
7529,699,0,0
7534,701,0,0
7539,765,0,0
7544,795,0,0
7549,734,0,0
7555,738,0,0
7560,808,0,0
7565,807,0,0
7570,778,0,0
7575,785,0,0
7580,846,0,0
7585,829,0,0
7590,758,0,0
7595,764,0,0
7600,833,0,0
7606,802,0,0
7611,750,0,0
7616,727,0,0
7621,804,0,0
7626,770,0,0
7631,712,0,0
7636,721,0,0
7641,779,0,0
7646,748,0,0
7652,689,0,0
7657,709,0,0
7662,767,0,0
7667,713,0,0
7672,678,0,0
7677,703,0,0
7682,755,0,0
7687,729,0,0
7692,713,0,0
7697,745,0,0
7703,793,0,0
7708,730,0,0
7713,707,0,0
7718,794,0,0
7723,836,0,0
7728,760,0,0
7733,737,0,0
7738,786,0,0
7743,817,0,0
7748,745,0,0
7754,724,0,0
7759,775,0,0
7764,787,0,0
7769,726,0,0
7774,729,0,0
7779,787,0,0
7784,795,0,0
7789,726,0,0
7794,708,0,0
7799,783,0,0
7805,796,0,0
7810,727,0,0
7815,725,0,0
7820,772,0,0
7825,775,0,0
7830,734,0,0
7835,731,0,0
7840,793,0,0
7845,794,0,0
7850,736,0,0
7856,764,0,0
7861,830,0,0
7866,791,0,0
7872,742,0,0
7877,772,0,0
7882,817,0,0
7887,764,0,0
7892,739,0,0
7897,765,0,0
7902,808,0,0
7908,747,0,0
7914,747,0,0
7919,797,0,0
7924,814,0,0
7929,745,0,0
7934,732,0,0
7938,776,0,0
7944,799,0,0
7948,740,0,0
7954,733,0,0
7960,790,0,0
7965,805,0,0
7970,751,0,0
7975,743,0,0
7980,807,0,0
7985,825,0,0
7990,760,0,0
7995,757,0,0
8000,804,0,0
8039,801,0,0
8045,807,0,0
8050,738,0,0
8055,742,0,0
8060,799,0,0
8065,797,0,0
8070,743,0,0
8075,750,0,0
8080,815,0,0
8085,827,0,0
8090,774,0,0
8096,808,0,0
8101,864,0,0
8106,818,0,0
8111,794,0,0
8116,831,0,0
8121,886,0,0
8126,872,0,0
8131,830,0,0
8136,838,0,0
8142,904,0,0
8147,864,0,0
8152,821,0,0
8157,828,0,0
8162,879,0,0
8167,823,0,0
8172,768,0,0
8177,769,0,0
8182,822,0,0
8187,791,0,0
8193,750,0,0
8198,775,0,0
8203,810,0,0
8208,757,0,0
8213,746,0,0
8218,787,0,0
8223,831,0,0
8228,785,0,0
8233,800,0,0
8239,949,0,0
8244,1120,0,0
8249,1179,0,0
8254,1110,0,0
8259,931,0,0
8264,705,0,0
8269,544,0,0
8274,564,0,0
8279,682,0,0
8284,767,0,0
8290,739,0,0
8295,759,0,0
8300,818,0,0
8305,808,0,0
8310,752,0,0
8315,764,0,0
8320,832,0,0
8325,830,0,0
8330,766,0,0
8335,764,0,0
8341,833,0,0
8346,826,0,0
8351,788,0,0
8356,801,0,0
8361,849,0,0
8366,827,0,0
8371,793,0,0
8376,828,0,0
8381,892,0,0
8386,870,0,0
8392,812,0,0
8397,826,0,0
8403,909,0,0
8408,854,0,0
8413,830,0,0
8418,859,0,0
8423,897,0,0
8428,850,0,0
8433,825,0,0
8438,861,0,0
8444,891,0,0
8450,836,0,0
8455,836,0,0
8460,887,0,0
8465,898,0,0
8470,851,0,0
8475,868,0,0
8479,924,0,0
8484,935,0,0
8490,860,0,0
8496,862,0,0
8501,912,0,0
8506,897,0,0
8511,842,0,0
8516,860,0,0
8521,925,0,0
8526,896,0,0
8531,843,0,0
8536,853,0,0
8541,919,0,0
8547,882,0,0
8552,832,0,0
8557,836,0,0
8562,886,0,0
8567,837,0,0
8572,796,0,0
8577,831,0,0
8582,879,0,0
8587,842,0,0
8593,809,0,0
8598,845,0,0
8603,878,0,0
8608,823,0,0
8613,790,0,0
8618,826,0,0
8623,879,0,0
8628,830,0,0
8633,797,0,0
8638,829,0,0
8644,875,0,0
8649,815,0,0
8654,805,0,0
8659,843,0,0
8664,864,0,0
8669,798,0,0
8674,787,0,0
8679,847,0,0
8684,887,0,0
8689,812,0,0
8695,788,0,0
8700,849,0,0
8705,866,0,0
8710,803,0,0
8715,796,0,0
8720,855,0,0
8725,857,0,0
8730,790,0,0
8735,800,0,0
8740,841,0,0
8746,827,0,0
8751,781,0,0
8756,780,0,0
8761,842,0,0
8766,830,0,0
8771,775,0,0
8776,800,0,0
8781,859,0,0
8786,836,0,0
8792,778,0,0
8797,797,0,0
8802,854,0,0
8807,814,0,0
8812,776,0,0
8817,795,0,0
8822,849,0,0
8827,810,0,0
8832,760,0,0
8837,786,0,0
8843,842,0,0
8848,784,0,0
8853,763,0,0
8858,795,0,0
8863,848,0,0
8868,804,0,0
8873,771,0,0
8878,806,0,0
8883,855,0,0
8888,794,0,0
8894,755,0,0
8899,811,0,0
8906,820,0,0
8911,778,0,0
8916,783,0,0
8921,840,0,0
8925,829,0,0
8930,762,0,0
8935,793,0,0
8940,851,0,0
8946,812,0,0
8952,774,0,0
8957,800,0,0
8962,860,0,0
8967,824,0,0
8972,764,0,0
8977,769,0,0
8982,843,0,0
8986,815,0,0
8991,763,0,0
8997,782,0,0
9003,843,0,0
9008,798,0,0
9013,763,0,0
9018,787,0,0
9023,870,0,0
9028,826,0,0
9033,794,0,0
9038,815,0,0
9043,875,0,0
9048,835,0,0
9054,823,0,0
9059,869,0,0
9064,907,0,0
9069,838,0,0
9074,808,0,0
9079,840,0,0
9084,871,0,0
9089,793,0,0
9094,761,0,0
9099,808,0,0
9105,827,0,0
9110,763,0,0
9115,758,0,0
9120,807,0,0
9125,836,0,0
9130,782,0,0
9135,768,0,0
9140,819,0,0
9146,832,0,0
9151,784,0,0
9156,817,0,0
9161,916,0,0
9166,966,0,0
9171,1044,0,0
9176,1192,0,0
9181,1215,0,0
9186,972,0,0
9191,654,0,0
9197,546,0,0
9202,639,0,0
9207,688,0,0
9212,714,0,0
9217,768,0,0
9222,842,0,0
9227,812,0,0
9232,760,0,0
9237,772,0,0
9242,844,0,0
9248,811,0,0
9253,780,0,0
9258,799,0,0
9263,861,0,0
9268,814,0,0
9273,783,0,0
9278,810,0,0
9283,864,0,0
9288,818,0,0
9293,769,0,0
9299,831,0,0
9304,866,0,0
9309,811,0,0
9314,785,0,0
9319,837,0,0
9324,887,0,0
9329,815,0,0
9334,785,0,0
9339,824,0,0
9344,880,0,0
9350,798,0,0
9355,793,0,0
9360,863,0,0
9365,889,0,0
9370,811,0,0
9375,806,0,0
9380,861,0,0
9385,873,0,0
9390,808,0,0
9396,819,0,0
9402,898,0,0
9407,858,0,0
9412,812,0,0
9417,836,0,0
9422,888,0,0
9427,856,0,0
9432,820,0,0
9437,836,0,0
9442,884,0,0
9448,822,0,0
9453,794,0,0
9458,822,0,0
9463,871,0,0
9468,815,0,0
9473,780,0,0
9478,812,0,0
9483,842,0,0
9488,776,0,0
9493,761,0,0
9499,804,0,0
9504,824,0,0
9509,746,0,0
9514,746,0,0
9519,788,0,0
9524,817,0,0
9529,759,0,0
9534,745,0,0
9539,796,0,0
9544,825,0,0
9550,752,0,0
9555,761,0,0
9560,829,0,0
9565,833,0,0
9570,777,0,0
9575,765,0,0
9580,817,0,0
9585,832,0,0
9590,790,0,0
9595,789,0,0
9601,854,0,0
9606,843,0,0
9611,795,0,0
9616,796,0,0
9621,851,0,0
9626,846,0,0
9631,798,0,0
9636,794,0,0
9641,865,0,0
9646,859,0,0
9685,854,0,0
9690,792,0,0
9695,793,0,0
9700,851,0,0
9705,860,0,0
9710,799,0,0
9715,793,0,0
9720,848,0,0
9725,856,0,0
9731,791,0,0
9736,790,0,0
9741,844,0,0
9746,833,0,0
9751,785,0,0
9756,788,0,0
9761,857,0,0
9766,845,0,0
9771,789,0,0
9776,795,0,0
9782,868,0,0
9787,823,0,0
9792,777,0,0
9797,799,0,0
9802,860,0,0
9807,822,0,0
9812,768,0,0
9817,781,0,0
9822,832,0,0
9827,791,0,0
9833,757,0,0
9838,792,0,0
9843,841,0,0
9848,774,0,0
9853,756,0,0
9858,792,0,0
9863,830,0,0
9868,787,0,0
9873,764,0,0
9879,807,0,0
9884,832,0,0
9889,781,0,0
9894,767,0,0
9899,815,0,0
9904,844,0,0
9909,781,0,0
9914,767,0,0
9919,808,0,0
9924,835,0,0
9930,757,0,0
9937,783,0,0
9942,840,0,0
9947,802,0,0
9952,775,0,0
9957,806,0,0
9962,860,0,0
9967,820,0,0
9972,778,0,0
9977,794,0,0
9983,853,0,0
9988,802,0,0
9993,777,0,0
9998,806,0,0
10003,857,0,0
10008,832,0,0
10013,813,0,0
10018,832,0,0
10023,869,0,0
10028,821,0,0
10034,782,0,0
10039,830,0,0
10044,854,0,0
10049,765,0,0
10054,752,0,0
10059,795,0,0
10064,857,0,0
10069,796,0,0
10074,779,0,0
10080,820,0,0
10085,836,0,0
10090,777,0,0
10095,774,0,0
10100,829,0,0
10105,845,0,0
10110,810,0,0
10115,853,0,0
10120,963,0,0
10126,1119,0,0
10131,1230,0,0
10136,1204,0,0
10141,1047,0,0
10146,792,0,0
10151,589,0,0
10156,617,0,0
10161,753,0,0
10166,798,0,0
10172,763,0,0
10177,800,0,0
10182,882,0,0
10187,848,0,0
10192,798,0,0
10197,811,0,0
10202,865,0,0
10207,842,0,0
10212,811,0,0
10218,840,0,0
10223,904,0,0
10228,859,0,0
10233,851,0,0
10238,890,0,0
10243,942,0,0
10248,881,0,0
10253,863,0,0
10258,882,0,0
10264,904,0,0
10270,841,0,0
10275,817,0,0
10280,851,0,0
10285,877,0,0
10289,809,0,0
10294,780,0,0
10299,832,0,0
10304,876,0,0
10310,785,0,0
10316,772,0,0
10321,833,0,0
10326,836,0,0
10331,777,0,0
10336,780,0,0
10341,832,0,0
10346,842,0,0
10351,783,0,0
10356,790,0,0
10362,863,0,0
10367,848,0,0
10372,793,0,0
10377,805,0,0
10382,860,0,0
10387,844,0,0
10392,799,0,0
10397,807,0,0
10402,861,0,0
10408,814,0,0
10413,779,0,0
10418,790,0,0
10423,846,0,0
10428,823,0,0
10433,781,0,0
10438,798,0,0
10443,845,0,0
10448,791,0,0
10454,742,0,0
10459,780,0,0
10464,822,0,0
10469,753,0,0
10474,717,0,0
10479,753,0,0
10484,802,0,0
10489,753,0,0
10494,722,0,0
10500,772,0,0
10505,806,0,0
10510,749,0,0
10515,736,0,0
10520,782,0,0
10525,805,0,0
10530,750,0,0
10535,750,0,0
10540,807,0,0
10546,821,0,0
10551,764,0,0
10556,759,0,0
10561,801,0,0
10566,823,0,0
10571,776,0,0
10576,766,0,0
10581,820,0,0
10586,811,0,0
10592,750,0,0
10597,764,0,0
10602,830,0,0
10607,801,0,0
10612,745,0,0
10617,775,0,0
10622,852,0,0
10627,825,0,0
10632,764,0,0
10638,777,0,0
10643,832,0,0
10648,782,0,0
10653,739,0,0
10658,765,0,0
10663,820,0,0
10668,764,0,0
10673,727,0,0
10678,763,0,0
10684,822,0,0
10689,770,0,0
10694,761,0,0
10699,805,0,0
10704,847,0,0
10709,791,0,0
10714,777,0,0
10719,815,0,0
10724,849,0,0
10730,769,0,0
10735,762,0,0
10740,810,0,0
10745,825,0,0
10750,763,0,0
10755,763,0,0
10760,818,0,0
10765,828,0,0
10770,754,0,0
10775,749,0,0
10781,815,0,0
10786,803,0,0
10791,753,0,0
10796,768,0,0
10801,818,0,0
10806,815,0,0
10811,759,0,0
10816,773,0,0
10821,835,0,0
10827,803,0,0
10832,739,0,0
10837,764,0,0
10842,843,0,0
10847,812,0,0
10852,761,0,0
10857,772,0,0
10862,828,0,0
10867,795,0,0
10873,746,0,0
10878,770,0,0
10883,821,0,0
10888,765,0,0
10893,734,0,0
10898,765,0,0
10903,823,0,0
10908,770,0,0
10913,738,0,0
10919,785,0,0
10925,822,0,0
10930,763,0,0
10936,763,0,0
10941,827,0,0
10946,824,0,0
10951,740,0,0
10956,764,0,0
10961,848,0,0
10967,841,0,0
10972,790,0,0
10977,797,0,0
10982,851,0,0
10987,838,0,0
10992,789,0,0
10997,780,0,0
11002,821,0,0
11007,786,0,0
11013,738,0,0
11018,759,0,0
11023,812,0,0
11028,762,0,0
11033,739,0,0
11038,765,0,0
11043,812,0,0
11048,765,0,0
11053,746,0,0
11059,789,0,0
11064,830,0,0
11069,781,0,0
11074,808,0,0
11079,902,0,0
11084,1062,0,0
11089,1169,0,0
11094,1180,0,0
11099,1026,0,0
11105,742,0,0
11110,541,0,0
11115,538,0,0
11120,647,0,0
11125,737,0,0
11130,722,0,0
11135,742,0,0
11140,795,0,0
11145,816,0,0
11151,751,0,0
11156,761,0,0
11161,820,0,0
11166,832,0,0
11171,777,0,0
11176,781,0,0
11181,820,0,0
11186,829,0,0
11191,787,0,0
11196,795,0,0
11239,894,0,0
11244,954,0,0
11249,903,0,0
11254,885,0,0
11259,923,0,0
11264,977,0,0
11269,918,0,0
11274,893,0,0
11280,945,0,0
11285,978,0,0
11290,924,0,0
11295,910,0,0
11300,947,0,0
11305,977,0,0
11310,922,0,0
11315,899,0,0
11320,944,0,0
11325,982,0,0
11331,918,0,0
11336,917,0,0
11341,971,0,0
11346,973,0,0
11351,916,0,0
11356,913,0,0
11361,968,0,0
11366,973,0,0
11371,914,0,0
11377,923,0,0
11382,986,0,0
11387,941,0,0
11392,889,0,0
11397,933,0,0
11402,975,0,0
11407,935,0,0
11412,871,0,0
11417,873,0,0
11423,938,0,0
11428,894,0,0
11433,858,0,0
11438,884,0,0
11443,929,0,0
11448,874,0,0
11453,873,0,0
11458,921,0,0
11463,1012,0,0
11469,960,0,0
11476,929,0,0
11481,971,0,0
11486,991,0,0
11491,929,0,0
11496,927,0,0
11501,980,0,0
11506,980,0,0
11511,931,0,0
11517,939,0,0
11522,974,0,0
11527,951,0,0
11532,889,0,0
11537,874,0,0
11542,917,0,0
11547,888,0,0
11552,820,0,0
11557,817,0,0
11563,868,0,0
11568,820,0,0
11573,780,0,0
11578,801,0,0
11583,860,0,0
11588,817,0,0
11593,766,0,0
11598,788,0,0
11603,844,0,0
11609,796,0,0
11614,775,0,0
11619,831,0,0
11624,880,0,0
11629,847,0,0
11634,831,0,0
11639,842,0,0
11644,868,0,0
11649,795,0,0
11655,775,0,0
11660,838,0,0
11665,870,0,0
11670,815,0,0
11675,804,0,0
11680,844,0,0
11685,866,0,0
11690,806,0,0
11695,793,0,0
11700,833,0,0
11706,856,0,0
11711,787,0,0
11716,799,0,0
11721,858,0,0
11726,859,0,0
11731,810,0,0
11736,813,0,0
11741,871,0,0
11746,874,0,0
11752,818,0,0
11757,831,0,0
11762,883,0,0
11767,856,0,0
11772,802,0,0
11777,820,0,0
11782,876,0,0
11787,850,0,0
11792,800,0,0
11798,813,0,0
11804,869,0,0
11808,821,0,0
11813,782,0,0
11818,809,0,0
11823,869,0,0
11828,824,0,0
11833,782,0,0
11838,797,0,0
11844,855,0,0
11850,802,0,0
11855,773,0,0
11860,816,0,0
11865,850,0,0
11870,792,0,0
11875,766,0,0
11880,801,0,0
11885,853,0,0
11890,791,0,0
11896,785,0,0
11901,833,0,0
11906,845,0,0
11911,782,0,0
11916,783,0,0
11921,834,0,0
11926,845,0,0
11931,784,0,0
11936,803,0,0
11942,869,0,0
11947,852,0,0
11952,792,0,0
11957,811,0,0
11962,859,0,0
11967,835,0,0
11972,763,0,0
11977,766,0,0
11983,826,0,0
11988,783,0,0
11993,732,0,0
11998,749,0,0
12003,818,0,0
12008,793,0,0
12013,751,0,0
12018,758,0,0
12023,815,0,0
12028,783,0,0
12034,732,0,0
12039,765,0,0
12044,859,0,0
12049,855,0,0
12054,904,0,0
12059,1089,0,0
12064,1257,0,0
12069,1079,0,0
12074,787,0,0
12080,587,0,0
12085,596,0,0
12090,592,0,0
12095,639,0,0
12100,731,0,0
12105,786,0,0
12110,737,0,0
12115,729,0,0
12120,775,0,0
12126,819,0,0
12131,740,0,0
12136,730,0,0
12141,784,0,0
12146,792,0,0
12151,727,0,0
12156,737,0,0
12161,797,0,0
12166,802,0,0
12172,724,0,0
12177,740,0,0
12182,802,0,0
12187,790,0,0
12192,741,0,0
12197,768,0,0
12202,830,0,0
12207,809,0,0
12212,760,0,0
12218,781,0,0
12223,838,0,0
12228,802,0,0
12233,768,0,0
12238,795,0,0
12243,849,0,0
12248,814,0,0
12253,779,0,0
12258,799,0,0
12264,858,0,0
12269,815,0,0
12274,796,0,0
12279,824,0,0
12284,876,0,0
12289,825,0,0
12294,801,0,0
12299,825,0,0
12304,867,0,0
12310,801,0,0
12315,781,0,0
12320,822,0,0
12325,873,0,0
12330,805,0,0
12335,771,0,0
12340,808,0,0
12345,831,0,0
12350,751,0,0
12356,734,0,0
12362,805,0,0
12366,831,0,0
12371,771,0,0
12376,754,0,0
12381,797,0,0
12386,796,0,0
12391,733,0,0
12396,731,0,0
12401,777,0,0
12407,769,0,0
12413,719,0,0
12418,743,0,0
12423,813,0,0
12428,796,0,0
12433,747,0,0
12438,747,0,0
12443,799,0,0
12447,780,0,0
12453,735,0,0
12459,772,0,0
12464,829,0,0
12469,795,0,0
12475,753,0,0
12480,793,0,0
12485,838,0,0
12490,777,0,0
12495,749,0,0
12501,803,0,0
12506,826,0,0
12511,764,0,0
12516,764,0,0
12521,809,0,0
12526,816,0,0
12531,761,0,0
12536,759,0,0
12541,804,0,0
12547,805,0,0
12552,763,0,0
12557,784,0,0
12562,830,0,0
12567,805,0,0
12572,751,0,0
12577,755,0,0
12582,811,0,0
12587,802,0,0
12593,737,0,0
12598,761,0,0
12603,822,0,0
12608,790,0,0
12613,747,0,0
12618,766,0,0
12623,809,0,0
12628,768,0,0
12633,733,0,0
12639,766,0,0
12644,828,0,0
12649,771,0,0
12654,736,0,0
12659,770,0,0
12664,818,0,0
12669,769,0,0
12674,752,0,0
12679,782,0,0
12685,827,0,0
12690,758,0,0
12695,738,0,0
12700,787,0,0
12705,817,0,0
12710,754,0,0
12715,744,0,0
12720,790,0,0
12725,817,0,0
12730,758,0,0
12771,760,0,0
12776,741,0,0
12781,784,0,0
12786,815,0,0
12791,774,0,0
12796,766,0,0
12801,804,0,0
12806,829,0,0
12812,758,0,0
12817,767,0,0
12822,830,0,0
12827,816,0,0
12832,757,0,0
12837,760,0,0
12842,811,0,0
12847,813,0,0
12852,763,0,0
12858,770,0,0
12863,838,0,0
12868,803,0,0
12873,757,0,0
12878,788,0,0
12883,855,0,0
12888,811,0,0
12893,765,0,0
12898,781,0,0
12904,850,0,0
12909,791,0,0
12914,760,0,0
12919,787,0,0
12924,849,0,0
12929,813,0,0
12934,790,0,0
12939,823,0,0
12944,873,0,0
12950,806,0,0
12955,790,0,0
12960,834,0,0
12965,862,0,0
12970,805,0,0
12975,794,0,0
12980,852,0,0
12985,903,0,0
12990,847,0,0
12996,821,0,0
13002,874,0,0
13007,871,0,0
13013,797,0,0
13018,811,0,0
13023,857,0,0
13028,815,0,0
13033,764,0,0
13038,777,0,0
13043,840,0,0
13049,805,0,0
13054,769,0,0
13059,790,0,0
13064,842,0,0
13069,798,0,0
13074,772,0,0
13079,799,0,0
13084,856,0,0
13089,848,0,0
13095,896,0,0
13100,1041,0,0
13105,1237,0,0
13110,1217,0,0
13115,1006,0,0
13120,770,0,0
13125,636,0,0
13130,563,0,0
13135,606,0,0
13141,734,0,0
13146,789,0,0
13151,746,0,0
13156,750,0,0
13161,798,0,0
13166,818,0,0
13171,760,0,0
13176,762,0,0
13181,808,0,0
13187,806,0,0
13192,757,0,0
13197,779,0,0
13202,837,0,0
13207,829,0,0
13212,768,0,0
13217,773,0,0
13222,835,0,0
13227,838,0,0
13233,773,0,0
13238,798,0,0
13243,848,0,0
13248,820,0,0
13253,774,0,0
13258,780,0,0
13263,834,0,0
13268,801,0,0
13273,764,0,0
13279,809,0,0
13284,863,0,0
13289,815,0,0
13294,779,0,0
13299,806,0,0
13304,871,0,0
13309,845,0,0
13314,817,0,0
13319,859,0,0
13325,924,0,0
13331,882,0,0
13336,867,0,0
13341,895,0,0
13346,923,0,0
13351,856,0,0
13355,835,0,0
13360,878,0,0
13365,908,0,0
13371,833,0,0
13377,842,0,0
13382,898,0,0
13387,905,0,0
13392,847,0,0
13397,835,0,0
13402,870,0,0
13407,883,0,0
13411,852,0,0
13417,868,0,0
13423,932,0,0
13428,906,0,0
13433,848,0,0
13438,850,0,0
13443,907,0,0
13448,892,0,0
13453,843,0,0
13458,849,0,0
13463,896,0,0
13469,869,0,0
13474,828,0,0
13479,845,0,0
13484,902,0,0
13489,856,0,0
13494,820,0,0
13499,829,0,0
13504,897,0,0
13509,874,0,0
13515,836,0,0
13520,867,0,0
13525,908,0,0
13530,847,0,0
13535,825,0,0
13540,860,0,0
13545,907,0,0
13550,856,0,0
13555,827,0,0
13561,879,0,0
13566,903,0,0
13571,841,0,0
13576,821,0,0
13581,871,0,0
13586,900,0,0
13591,828,0,0
13596,823,0,0
13601,875,0,0
13607,868,0,0
13612,806,0,0
13617,817,0,0
13622,891,0,0
13627,879,0,0
13632,812,0,0
13637,809,0,0
13642,868,0,0
13647,864,0,0
13653,802,0,0
13658,816,0,0
13663,870,0,0
13668,836,0,0
13673,786,0,0
13678,799,0,0
13683,858,0,0
13688,837,0,0
13693,799,0,0
13699,812,0,0
13704,846,0,0
13709,816,0,0
13714,779,0,0
13719,799,0,0
13724,850,0,0
13729,816,0,0
13734,772,0,0
13739,787,0,0
13745,838,0,0
13750,772,0,0
13755,758,0,0
13760,803,0,0
13765,833,0,0
13770,767,0,0
13775,749,0,0
13780,790,0,0
13785,831,0,0
13790,764,0,0
13796,744,0,0
13801,800,0,0
13806,821,0,0
13811,762,0,0
13816,753,0,0
13821,799,0,0
13826,808,0,0
13831,750,0,0
13836,741,0,0
13842,802,0,0
13847,799,0,0
13852,748,0,0
13857,754,0,0
13862,809,0,0
13867,803,0,0
13872,741,0,0
13877,748,0,0
13882,818,0,0
13888,802,0,0
13894,737,0,0
13899,715,0,0
13904,754,0,0
13909,715,0,0
13914,681,0,0
13918,708,0,0
13923,759,0,0
13928,720,0,0
13934,673,0,0
13940,700,0,0
13945,757,0,0
13950,709,0,0
13955,685,0,0
13960,716,0,0
13965,775,0,0
13970,720,0,0
13975,692,0,0
13980,740,0,0
13986,776,0,0
13991,719,0,0
13996,715,0,0
14001,777,0,0
14006,813,0,0
14012,734,0,0
14017,750,0,0
14022,814,0,0
14028,811,0,0
14033,760,0,0
14038,768,0,0
14043,822,0,0
14048,814,0,0
14053,776,0,0
14058,786,0,0
14063,847,0,0
14068,835,0,0
14074,808,0,0
14079,822,0,0
14084,858,0,0
14089,819,0,0
14094,790,0,0
14099,805,0,0
14104,835,0,0
14109,782,0,0
14114,752,0,0
14119,777,0,0
14125,824,0,0
14130,761,0,0
14135,734,0,0
14140,769,0,0
14145,813,0,0
14150,759,0,0
14155,733,0,0
14160,774,0,0
14165,811,0,0
14171,760,0,0
14176,804,0,0
14181,917,0,0
14186,1060,0,0
14191,1154,0,0
14196,1143,0,0
14201,991,0,0
14206,747,0,0
14211,525,0,0
14217,546,0,0
14222,678,0,0
14227,722,0,0
14232,697,0,0
14237,724,0,0
14242,793,0,0
14247,797,0,0
14252,747,0,0
14257,739,0,0
14298,745,0,0
14303,791,0,0
14308,775,0,0
14313,735,0,0
14318,756,0,0
14323,813,0,0
14328,788,0,0
14333,732,0,0
14338,752,0,0
14344,829,0,0
14349,808,0,0
14354,813,0,0
14359,844,0,0
14364,894,0,0
14369,847,0,0
14374,821,0,0
14379,839,0,0
14384,893,0,0
14390,832,0,0
14396,805,0,0
14401,862,0,0
14406,902,0,0
14411,843,0,0
14416,823,0,0
14420,868,0,0
14425,917,0,0
14430,860,0,0
14436,853,0,0
14442,897,0,0
14447,908,0,0
14452,846,0,0
14457,839,0,0
14462,893,0,0
14467,900,0,0
14472,836,0,0
14477,838,0,0
14483,894,0,0
14488,875,0,0
14493,814,0,0
14498,819,0,0
14503,873,0,0
14508,849,0,0
14513,780,0,0
14518,787,0,0
14523,844,0,0
14529,820,0,0
14534,766,0,0
14539,781,0,0
14544,841,0,0
14550,788,0,0
14555,758,0,0
14560,780,0,0
14565,816,0,0
14570,743,0,0
14576,684,0,0
14581,735,0,0
14586,764,0,0
14591,698,0,0
14596,678,0,0
14601,726,0,0
14606,762,0,0
14611,710,0,0
14616,694,0,0
14622,760,0,0
14627,767,0,0
14632,716,0,0
14637,708,0,0
14642,762,0,0
14647,764,0,0
14652,703,0,0
14657,701,0,0
14662,746,0,0
14667,746,0,0
14673,688,0,0
14679,707,0,0
14684,762,0,0
14689,732,0,0
14693,689,0,0
14698,703,0,0
14703,764,0,0
14708,741,0,0
14713,699,0,0
14719,728,0,0
14725,785,0,0
14730,732,0,0
14735,710,0,0
14740,745,0,0
14745,796,0,0
14750,755,0,0
14755,708,0,0
14760,728,0,0
14765,791,0,0
14771,733,0,0
14776,713,0,0
14781,760,0,0
14786,797,0,0
14791,738,0,0
14796,740,0,0
14801,778,0,0
14806,812,0,0
14812,768,0,0
14817,782,0,0
14822,825,0,0
14827,835,0,0
14832,777,0,0
14837,782,0,0
14842,830,0,0
14847,849,0,0
14852,792,0,0
14858,783,0,0
14863,839,0,0
14868,845,0,0
14873,777,0,0
14878,794,0,0
14883,866,0,0
14888,853,0,0
14893,794,0,0
14898,798,0,0
14904,865,0,0
14909,825,0,0
14914,781,0,0
14919,801,0,0
14924,859,0,0
14929,827,0,0
14934,782,0,0
14939,800,0,0
14944,851,0,0
14950,793,0,0
14955,773,0,0
14960,809,0,0
14965,862,0,0
14970,805,0,0
14975,768,0,0
14980,806,0,0
14985,866,0,0
14990,800,0,0
14995,773,0,0
15001,822,0,0
15006,850,0,0
15011,794,0,0
15016,776,0,0
15021,817,0,0
15026,856,0,0
15031,801,0,0
15036,787,0,0
15041,826,0,0
15047,840,0,0
15052,778,0,0
15057,784,0,0
15062,842,0,0
15067,852,0,0
15072,793,0,0
15077,778,0,0
15082,836,0,0
15087,837,0,0
15093,786,0,0
15098,814,0,0
15103,874,0,0
15108,849,0,0
15113,802,0,0
15118,814,0,0
15123,876,0,0
15128,853,0,0
15133,801,0,0
15139,830,0,0
15144,901,0,0
15149,874,0,0
15154,843,0,0
15159,866,0,0
15164,918,0,0
15169,869,0,0
15174,821,0,0
15179,825,0,0
15185,869,0,0
15190,807,0,0
15195,777,0,0
15200,813,0,0
15205,869,0,0
15210,823,0,0
15215,799,0,0
15220,841,0,0
15225,898,0,0
15231,847,0,0
15237,842,0,0
15242,878,0,0
15247,878,0,0
15252,820,0,0
15257,874,0,0
15262,990,0,0
15267,1129,0,0
15271,1227,0,0
15277,1190,0,0
15283,989,0,0
15288,722,0,0
15293,561,0,0
15298,584,0,0
15303,695,0,0
15308,755,0,0
15313,729,0,0
15318,748,0,0
15324,820,0,0
15329,785,0,0
15334,761,0,0
15339,788,0,0
15344,850,0,0
15349,820,0,0
15354,770,0,0
15359,790,0,0
15364,845,0,0
15369,827,0,0
15375,787,0,0
15380,807,0,0
15385,855,0,0
15390,814,0,0
15395,773,0,0
15400,800,0,0
15405,863,0,0
15410,827,0,0
15415,786,0,0
15421,820,0,0
15426,876,0,0
15431,823,0,0
15436,803,0,0
15441,834,0,0
15446,873,0,0
15451,822,0,0
15456,806,0,0
15461,841,0,0
15467,871,0,0
15472,805,0,0
15477,804,0,0
15482,874,0,0
15487,892,0,0
15492,824,0,0
15497,823,0,0
15502,886,0,0
15507,909,0,0
15513,829,0,0
15518,824,0,0
15523,884,0,0
15528,879,0,0
15533,821,0,0
15538,814,0,0
15543,851,0,0
15549,827,0,0
15554,793,0,0
15560,811,0,0
15565,852,0,0
15570,806,0,0
15575,770,0,0
15580,792,0,0
15585,840,0,0
15590,783,0,0
15595,750,0,0
15600,789,0,0
15606,827,0,0
15612,751,0,0
15617,738,0,0
15622,809,0,0
15627,833,0,0
15632,777,0,0
15637,768,0,0
15642,816,0,0
15646,843,0,0
15652,773,0,0
15658,775,0,0
15663,831,0,0
15668,833,0,0
15673,773,0,0
15678,779,0,0
15683,839,0,0
15688,841,0,0
15693,787,0,0
15698,786,0,0
15703,856,0,0
15709,854,0,0
15714,815,0,0
15719,830,0,0
15724,872,0,0
15729,837,0,0
15734,808,0,0
15739,817,0,0
15744,871,0,0
15750,828,0,0
15755,798,0,0
15760,821,0,0
